0	3
1	3
2	3
3	3
4	3
5	3
6	3
7	3
8	3
9	5
10	3
11	3
12	3
13	3
14	3
15	0
16	3
17	3
18	0
19	3
20	3
21	3
22	3
23	3
24	3
25	3
26	3
27	3
28	3
29	3
30	3
31	5
32	3
33	0
34	3
35	3
36	3
37	3
38	3
39	3
40	3
41	3
42	3
43	3
44	3
45	3
46	3
47	3
48	3
49	0
50	3
51	3
52	3
53	3
54	3
55	3
56	5
57	3
58	3
59	0
60	3
61	3
62	3
63	3
64	3
65	3
66	3
67	3
68	3
69	3
70	3
71	3
72	3
73	3
74	3
75	3
76	3
77	3
78	3
79	3
80	3
81	3
82	3
83	3
84	3
85	3
86	3
87	3
88	3
89	3
90	3
91	3
92	0
93	3
94	3
95	3
96	3
97	3
98	3
99	3
100	3
101	3
102	3
103	3
104	3
105	3
106	3
107	3
108	3
109	3
110	3
111	3
112	3
113	3
114	3
115	3
116	3
117	3
118	3
119	3
120	3
121	3
122	3
123	3
124	3
125	3
126	3
127	3
128	3
129	3
130	3
131	3
132	3
133	3
134	3
135	3
136	3
137	3
138	3
139	3
140	3
141	3
142	3
143	3
144	3
145	3
146	3
147	3
148	3
149	3
150	3
151	3
152	3
153	3
154	3
155	3
156	3
157	3
158	3
159	3
160	3
161	3
162	3
163	3
164	3
165	3
166	3
167	3
168	3
169	3
170	3
171	3
172	3
173	3
174	3
175	3
176	3
177	3
178	3
179	3
180	3
181	3
182	3
183	3
184	3
185	3
186	3
187	3
188	3
189	3
190	3
191	3
192	3
193	3
194	3
195	3
196	3
197	3
198	3
199	3
200	3
201	3
202	3
203	3
204	3
205	3
206	3
207	3
208	3
209	3
210	3
211	3
212	3
213	3
214	3
215	3
216	3
217	3
218	3
219	3
220	3
221	3
222	3
223	3
224	3
225	3
226	3
227	3
228	3
229	3
230	3
231	3
232	3
233	3
234	3
235	3
236	3
237	3
238	3
239	3
240	3
241	0
242	3
243	3
244	3
245	3
246	3
247	3
248	3
249	3
250	3
251	3
252	3
253	3
254	3
255	3
256	3
257	3
258	3
259	3
260	3
261	3
262	3
263	3
264	3
265	3
266	3
267	3
268	3
269	3
270	3
271	3
272	3
273	3
274	3
275	3
276	3
277	3
278	3
279	3
280	3
281	3
282	3
283	3
284	3
285	3
286	3
287	3
288	3
289	3
290	3
291	3
292	3
293	3
294	3
295	3
296	3
297	3
298	3
299	1
300	3
301	3
302	3
303	3
304	3
305	3
306	3
307	3
308	3
309	3
310	3
311	3
312	3
313	3
314	3
315	3
316	3
317	3
318	3
319	3
320	3
321	3
322	0
323	3
324	3
325	3
326	3
327	3
328	3
329	3
330	3
331	3
332	3
333	3
334	3
335	3
336	3
337	3
338	3
339	3
340	3
341	3
342	3
343	3
344	3
345	3
346	3
347	3
348	3
349	3
350	3
351	3
352	3
353	3
354	3
355	3
356	3
357	3
358	3
359	3
360	3
361	3
362	3
363	3
364	3
365	3
366	3
367	3
368	3
369	3
370	3
371	3
372	3
373	3
374	3
375	3
376	3
377	3
378	3
379	3
380	3
381	3
382	3
383	3
384	3
385	3
386	3
387	3
388	3
389	3
390	3
391	3
392	3
393	3
394	3
395	3
396	3
397	3
398	3
399	3
400	3
401	3
402	3
403	3
404	3
405	3
406	3
407	3
408	3
409	3
410	3
411	3
412	3
413	3
414	3
415	3
416	3
417	3
418	3
419	3
420	3
421	3
422	3
423	3
424	3
425	3
426	3
427	3
428	3
429	3
430	3
431	3
432	3
433	3
434	3
435	3
436	3
437	3
438	3
439	3
440	3
441	3
442	3
443	3
444	3
445	3
446	3
447	3
448	3
449	3
450	3
451	3
452	3
453	3
454	3
455	3
456	3
457	3
458	3
459	3
460	3
461	3
462	3
463	3
464	3
465	3
466	3
467	3
468	3
469	3
470	3
471	3
472	3
473	3
474	3
475	3
476	3
477	3
478	3
479	3
480	3
481	3
482	3
483	3
484	3
485	3
486	3
487	3
488	3
489	3
490	3
491	3
492	3
493	3
494	0
495	0
496	0
497	2
498	0
499	0
500	0
501	0
502	0
503	0
504	4
505	0
506	0
507	4
508	0
509	0
510	4
511	5
512	0
513	0
514	0
515	0
516	0
517	4
518	0
519	0
520	4
521	1
522	0
523	0
524	1
525	4
526	0
527	0
528	0
529	1
530	4
531	0
532	0
533	0
534	0
535	0
536	0
537	0
538	0
539	0
540	0
541	4
542	4
543	4
544	4
545	0
546	4
547	0
548	0
549	0
550	0
551	0
552	0
553	3
554	4
555	0
556	0
557	0
558	0
559	0
560	4
561	4
562	0
563	0
564	0
565	0
566	4
567	0
568	4
569	0
570	0
571	0
572	0
573	0
574	0
575	0
576	4
577	0
578	0
579	0
580	0
581	0
582	0
583	0
584	0
585	0
586	0
587	2
588	0
589	0
590	4
591	0
592	0
593	1
594	1
595	1
596	4
597	0
598	0
599	0
600	0
601	4
602	0
603	0
604	0
605	0
606	0
607	0
608	2
609	4
610	0
611	4
612	4
613	4
614	4
615	1
616	0
617	0
618	0
619	4
620	2
621	0
622	0
623	0
624	0
625	0
626	4
627	0
628	4
629	0
630	0
631	0
632	0
633	0
634	0
635	0
636	0
637	0
638	0
639	4
640	0
641	0
642	4
643	4
644	4
645	0
646	4
647	4
648	4
649	0
650	4
651	0
652	0
653	0
654	4
655	0
656	4
657	4
658	0
659	0
660	0
661	0
662	4
663	4
664	4
665	0
666	0
667	0
668	0
669	2
670	0
671	0
672	0
673	0
674	0
675	0
676	0
677	0
678	0
679	0
680	1
681	1
682	2
683	0
684	0
685	0
686	1
687	4
688	0
689	0
690	0
691	0
692	1
693	1
694	1
695	1
696	0
697	4
698	4
699	2
700	0
701	4
702	4
703	4
704	4
705	0
706	4
707	0
708	0
709	0
710	0
711	4
712	0
713	0
714	4
715	4
716	0
717	0
718	0
719	0
720	0
721	0
722	0
723	0
724	0
725	0
726	1
727	0
728	0
729	0
730	2
731	1
732	1
733	1
734	1
735	0
736	0
737	4
738	0
739	0
740	0
741	4
742	4
743	0
744	4
745	0
746	1
747	0
748	0
749	0
750	0
751	0
752	0
753	1
754	0
755	4
756	0
757	0
758	0
759	0
760	4
761	4
762	4
763	0
764	4
765	0
766	2
767	0
768	0
769	4
770	4
771	4
772	4
773	0
774	3
775	4
776	0
777	1
778	0
779	4
780	0
781	0
782	4
783	1
784	0
785	5
786	2
787	1
788	2
789	2
790	0
791	0
792	0
793	0
794	4
795	0
796	0
797	0
798	0
799	4
800	0
801	0
802	0
803	0
804	0
805	0
806	0
807	1
808	0
809	4
810	4
811	4
812	4
813	4
814	0
815	2
816	0
817	2
818	0
819	0
820	0
821	0
822	0
823	4
824	4
825	0
826	1
827	0
828	0
829	0
830	0
831	0
832	0
833	1
834	1
835	4
836	0
837	0
838	0
839	0
840	1
841	0
842	0
843	0
844	0
845	0
846	0
847	0
848	0
849	0
850	0
851	0
852	4
853	4
854	1
855	4
856	4
857	0
858	0
859	0
860	4
861	2
862	0
863	4
864	4
865	4
866	0
867	0
868	0
869	4
870	0
871	0
872	0
873	5
874	4
875	0
876	4
877	4
878	0
879	0
880	0
881	4
882	0
883	0
884	4
885	0
886	0
887	0
888	0
889	1
890	0
891	1
892	0
893	1
894	0
895	0
896	0
897	0
898	0
899	1
900	1
901	1
902	1
903	0
904	3
905	1
906	0
907	0
908	0
909	0
910	0
911	4
912	4
913	4
914	0
915	0
916	0
917	0
918	4
919	0
920	0
921	0
922	0
923	0
924	0
925	0
926	0
927	0
928	0
929	0
930	0
931	0
932	4
933	0
934	4
935	0
936	4
937	0
938	0
939	0
940	0
941	4
942	0
943	4
944	4
945	0
946	4
947	0
948	4
949	0
950	0
951	0
952	0
953	0
954	0
955	4
956	4
957	4
958	4
959	4
960	4
961	0
962	4
963	0
964	4
965	4
966	0
967	0
968	0
969	0
970	0
971	0
972	0
973	0
974	1
975	0
976	0
977	4
978	4
979	0
980	0
981	4
982	0
983	0
984	0
985	4
986	0
987	0
988	4
989	4
990	4
991	1
992	0
993	4
994	0
995	0
996	0
997	0
998	1
999	1
1000	1
1001	2
1002	0
1003	0
1004	0
1005	0
1006	0
1007	0
1008	0
1009	0
1010	4
1011	0
1012	4
1013	0
1014	0
1015	4
1016	4
1017	0
1018	2
1019	0
1020	0
1021	0
1022	0
1023	0
1024	4
1025	4
1026	4
1027	4
1028	4
1029	4
1030	3
1031	0
1032	0
1033	0
1034	0
1035	0
1036	0
1037	0
1038	0
1039	2
1040	2
1041	0
1042	0
1043	0
1044	0
1045	0
1046	4
1047	4
1048	1
1049	0
1050	0
1051	2
1052	4
1053	0
1054	0
1055	0
1056	0
1057	4
1058	0
1059	0
1060	0
1061	0
1062	0
1063	1
1064	4
1065	0
1066	4
1067	0
1068	0
1069	0
1070	0
1071	2
1072	0
1073	0
1074	0
1075	0
1076	4
1077	2
1078	4
1079	2
1080	0
1081	0
1082	4
1083	4
1084	4
1085	2
1086	0
1087	0
1088	0
1089	0
1090	2
1091	0
1092	4
1093	4
1094	0
1095	4
1096	4
1097	2
1098	0
1099	0
1100	4
1101	4
1102	4
1103	4
1104	0
1105	0
1106	4
1107	0
1108	4
1109	0
1110	0
1111	0
1112	0
1113	0
1114	0
1115	0
1116	0
1117	0
1118	0
1119	0
1120	0
1121	0
1122	0
1123	0
1124	0
1125	0
1126	0
1127	0
1128	0
1129	0
1130	0
1131	1
1132	0
1133	0
1134	0
1135	2
1136	0
1137	0
1138	0
1139	0
1140	1
1141	0
1142	2
1143	0
1144	1
1145	0
1146	0
1147	2
1148	0
1149	4
1150	4
1151	4
1152	4
1153	0
1154	0
1155	0
1156	4
1157	0
1158	0
1159	4
1160	0
1161	0
1162	1
1163	1
1164	1
1165	1
1166	0
1167	0
1168	0
1169	0
1170	4
1171	0
1172	0
1173	0
1174	4
1175	0
1176	4
1177	0
1178	0
1179	0
1180	0
1181	4
1182	0
1183	0
1184	0
1185	4
1186	0
1187	1
1188	0
1189	0
1190	0
1191	0
1192	0
1193	0
1194	0
1195	0
1196	0
1197	4
1198	1
1199	1
1200	0
1201	1
1202	0
1203	4
1204	0
1205	0
1206	0
1207	0
1208	4
1209	4
1210	4
1211	4
1212	4
1213	4
1214	4
1215	0
1216	0
1217	0
1218	4
1219	0
1220	2
1221	0
1222	0
1223	4
1224	4
1225	4
1226	1
1227	4
1228	4
1229	4
1230	0
1231	0
1232	4
1233	4
1234	0
1235	0
1236	0
1237	0
1238	0
1239	0
1240	0
1241	0
1242	0
1243	1
1244	0
1245	1
1246	0
1247	0
1248	1
1249	0
1250	0
1251	3
1252	2
1253	0
1254	0
1255	0
1256	0
1257	0
1258	4
1259	0
1260	4
1261	0
1262	4
1263	0
1264	0
1265	0
1266	0
1267	0
1268	0
1269	4
1270	4
1271	0
1272	4
1273	0
1274	0
1275	0
1276	0
1277	0
1278	0
1279	0
1280	0
1281	0
1282	0
1283	0
1284	0
1285	0
1286	5
1287	0
1288	0
1289	0
1290	0
1291	1
1292	0
1293	0
1294	0
1295	0
1296	1
1297	0
1298	0
1299	0
1300	0
1301	2
1302	0
1303	1
1304	0
1305	0
1306	1
1307	1
1308	0
1309	0
1310	4
1311	4
1312	0
1313	4
1314	4
1315	0
1316	0
1317	0
1318	0
1319	4
1320	0
1321	0
1322	4
1323	4
1324	0
1325	0
1326	0
1327	0
1328	0
1329	4
1330	4
1331	0
1332	0
1333	4
1334	0
1335	0
1336	4
1337	2
1338	0
1339	0
1340	1
1341	0
1342	0
1343	4
1344	4
1345	4
1346	0
1347	0
1348	0
1349	0
1350	2
1351	1
1352	0
1353	0
1354	0
1355	0
1356	0
1357	0
1358	0
1359	0
1360	0
1361	0
1362	0
1363	0
1364	0
1365	4
1366	0
1367	4
1368	4
1369	0
1370	0
1371	2
1372	0
1373	0
1374	0
1375	4
1376	4
1377	0
1378	0
1379	4
1380	0
1381	0
1382	4
1383	0
1384	4
1385	4
1386	0
1387	4
1388	0
1389	0
1390	0
1391	4
1392	0
1393	0
1394	0
1395	0
1396	0
1397	0
1398	0
1399	4
1400	4
1401	4
1402	4
1403	4
1404	0
1405	0
1406	0
1407	0
1408	0
1409	0
1410	0
1411	0
1412	0
1413	0
1414	0
1415	0
1416	0
1417	0
1418	0
1419	0
1420	0
1421	0
1422	0
1423	0
1424	0
1425	0
1426	0
1427	0
1428	0
1429	0
1430	0
1431	0
1432	0
1433	1
1434	1
1435	0
1436	0
1437	0
1438	0
1439	0
1440	0
1441	0
1442	1
1443	0
1444	0
1445	0
1446	4
1447	0
1448	4
1449	4
1450	4
1451	4
1452	0
1453	4
1454	4
1455	0
1456	4
1457	0
1458	4
1459	0
1460	0
1461	4
1462	0
1463	0
1464	4
1465	0
1466	4
1467	4
1468	0
1469	4
1470	4
1471	0
1472	0
1473	0
1474	4
1475	2
1476	0
1477	0
1478	2
1479	0
1480	1
1481	1
1482	1
1483	1
1484	0
1485	4
1486	4
1487	4
1488	0
1489	1
1490	0
1491	0
1492	0
1493	0
1494	0
1495	0
1496	4
1497	0
1498	0
1499	0
1500	1
1501	0
1502	0
1503	0
1504	0
1505	0
1506	1
1507	0
1508	0
1509	0
1510	4
1511	0
1512	0
1513	0
1514	0
1515	4
1516	0
1517	0
1518	0
1519	4
1520	0
1521	0
1522	0
1523	0
1524	4
1525	4
1526	4
1527	4
1528	0
1529	4
1530	0
1531	0
1532	0
1533	0
1534	0
1535	2
1536	2
1537	0
1538	0
1539	0
1540	0
1541	0
1542	0
1543	0
1544	0
1545	4
1546	0
1547	4
1548	0
1549	0
1550	3
1551	4
1552	0
1553	0
1554	0
1555	0
1556	0
1557	0
1558	4
1559	0
1560	0
1561	0
1562	0
1563	0
1564	0
1565	4
1566	0
1567	3
1568	0
1569	0
1570	4
1571	4
1572	0
1573	4
1574	0
1575	0
1576	4
1577	0
1578	0
1579	0
1580	0
1581	1
1582	0
1583	0
1584	0
1585	0
1586	0
1587	0
1588	0
1589	0
1590	1
1591	1
1592	0
1593	0
1594	2
1595	0
1596	0
1597	1
1598	0
1599	0
1600	0
1601	1
1602	1
1603	0
1604	4
1605	0
1606	1
1607	0
1608	0
1609	0
1610	2
1611	0
1612	0
1613	4
1614	0
1615	4
1616	4
1617	4
1618	0
1619	4
1620	0
1621	0
1622	0
1623	4
1624	0
1625	0
1626	0
1627	0
1628	4
1629	0
1630	0
1631	0
1632	0
1633	0
1634	0
1635	0
1636	0
1637	4
1638	4
1639	4
1640	4
1641	0
1642	4
1643	0
1644	4
1645	0
1646	4
1647	2
1648	1
1649	2
1650	2
1651	0
1652	0
1653	0
1654	1
1655	0
1656	0
1657	4
1658	4
1659	1
1660	0
1661	0
1662	4
1663	4
1664	4
1665	4
1666	0
1667	1
1668	4
1669	4
1670	0
1671	0
1672	0
1673	0
1674	2
1675	4
1676	0
1677	0
1678	0
1679	0
1680	0
1681	0
1682	4
1683	0
1684	0
1685	4
1686	0
1687	0
1688	0
1689	0
1690	0
1691	4
1692	4
1693	0
1694	0
1695	4
1696	0
1697	0
1698	0
1699	0
1700	0
1701	0
1702	0
1703	4
1704	4
1705	0
1706	0
1707	0
1708	0
1709	4
1710	0
1711	0
1712	1
1713	0
1714	0
1715	0
1716	0
1717	0
1718	0
1719	0
1720	0
1721	0
1722	0
1723	0
1724	0
1725	0
1726	0
1727	1
1728	1
1729	1
1730	0
1731	0
1732	0
1733	0
1734	0
1735	0
1736	4
1737	4
1738	0
1739	0
1740	0
1741	4
1742	0
1743	0
1744	0
1745	4
1746	4
1747	0
1748	0
1749	0
1750	4
1751	4
1752	4
1753	4
1754	0
1755	0
1756	0
1757	4
1758	0
1759	0
1760	0
1761	0
1762	0
1763	0
1764	0
1765	4
1766	0
1767	0
1768	0
1769	4
1770	0
1771	1
1772	1
1773	1
1774	1
1775	0
1776	0
1777	4
1778	0
1779	4
1780	0
1781	4
1782	4
1783	0
1784	0
1785	0
1786	0
1787	0
1788	0
1789	4
1790	1
1791	0
1792	4
1793	4
1794	0
1795	0
1796	0
1797	0
1798	4
1799	4
1800	0
1801	0
1802	0
1803	0
1804	0
1805	4
1806	4
1807	0
1808	0
1809	0
1810	0
1811	0
1812	0
1813	4
1814	4
1815	0
1816	4
1817	4
1818	0
1819	0
1820	4
1821	0
1822	0
1823	0
1824	4
1825	0
1826	3
1827	0
1828	0
1829	0
1830	0
1831	0
1832	0
1833	0
1834	0
1835	0
1836	0
1837	0
1838	0
1839	0
1840	0
1841	0
1842	0
1843	0
1844	0
1845	0
1846	0
1847	0
1848	0
1849	0
1850	1
1851	4
1852	0
1853	0
1854	0
1855	0
1856	4
1857	0
1858	0
1859	1
1860	0
1861	0
1862	0
1863	0
1864	0
1865	0
1866	0
1867	0
1868	4
1869	0
1870	0
1871	0
1872	0
1873	0
1874	0
1875	0
1876	1
1877	0
1878	0
1879	0
1880	0
1881	0
1882	0
1883	0
1884	0
1885	0
1886	0
1887	0
1888	0
1889	0
1890	0
1891	0
1892	0
1893	0
1894	0
1895	0
1896	0
1897	0
1898	0
1899	0
1900	0
1901	0
1902	0
1903	0
1904	0
1905	0
1906	0
1907	0
1908	0
1909	0
1910	0
1911	0
1912	0
1913	0
1914	0
1915	0
1916	0
1917	0
1918	0
1919	0
1920	0
1921	0
1922	0
1923	0
1924	0
1925	0
1926	0
1927	0
1928	0
1929	0
1930	0
1931	0
1932	0
1933	0
1934	0
1935	0
1936	0
1937	0
1938	0
1939	0
1940	0
1941	0
1942	0
1943	0
1944	0
1945	0
1946	0
1947	0
1948	0
1949	0
1950	0
1951	0
1952	0
1953	0
1954	0
1955	0
1956	0
1957	0
1958	0
1959	0
1960	0
1961	0
1962	0
1963	0
1964	0
1965	0
1966	0
1967	0
1968	0
1969	0
1970	0
1971	0
1972	0
1973	0
1974	0
1975	0
1976	0
1977	0
1978	0
1979	0
1980	0
1981	0
1982	0
1983	0
1984	0
1985	0
1986	0
1987	0
1988	0
1989	0
1990	0
1991	0
1992	0
1993	0
1994	0
1995	0
1996	0
1997	0
1998	0
1999	0
2000	0
2001	0
2002	0
2003	0
2004	0
2005	0
2006	0
2007	0
2008	0
2009	0
2010	0
2011	0
2012	0
2013	0
2014	0
2015	0
2016	0
2017	0
2018	0
2019	0
2020	0
2021	0
2022	0
2023	0
2024	5
2025	5
2026	5
2027	5
2028	2
2029	5
2030	5
2031	0
2032	0
2033	5
2034	5
2035	5
2036	5
2037	0
2038	5
2039	0
2040	0
2041	5
2042	0
2043	0
2044	5
2045	5
2046	0
2047	0
2048	0
2049	5
2050	0
2051	5
2052	5
2053	5
2054	5
2055	5
2056	5
2057	5
2058	0
2059	0
2060	0
2061	0
2062	5
2063	5
2064	5
2065	5
2066	5
2067	5
2068	5
2069	5
2070	5
2071	2
2072	0
2073	0
2074	5
2075	5
2076	5
2077	5
2078	5
2079	5
2080	5
2081	5
2082	5
2083	5
2084	5
2085	5
2086	5
2087	5
2088	5
2089	5
2090	5
2091	5
2092	5
2093	2
2094	0
2095	0
2096	5
2097	5
2098	5
2099	5
2100	5
2101	5
2102	5
2103	5
2104	5
2105	5
2106	5
2107	5
2108	5
2109	5
2110	5
2111	5
2112	0
2113	5
2114	5
2115	5
2116	5
2117	5
2118	5
2119	0
2120	0
2121	5
2122	5
2123	0
2124	5
2125	5
2126	5
2127	5
2128	5
2129	5
2130	0
2131	5
2132	5
2133	5
2134	0
2135	5
2136	5
2137	5
2138	1
2139	1
2140	1
2141	1
2142	1
2143	1
2144	2
2145	0
2146	1
2147	1
2148	1
2149	1
2150	1
2151	1
2152	2
2153	1
2154	1
2155	0
2156	1
2157	1
2158	2
2159	1
2160	1
2161	1
2162	2
2163	1
2164	1
2165	0
2166	1
2167	1
2168	2
2169	0
2170	1
2171	1
2172	2
2173	1
2174	0
2175	2
2176	1
2177	1
2178	1
2179	0
2180	1
2181	0
2182	0
2183	2
2184	1
2185	1
2186	0
2187	1
2188	1
2189	1
2190	1
2191	0
2192	1
2193	2
2194	0
2195	2
2196	0
2197	2
2198	2
2199	2
2200	2
2201	1
2202	2
2203	2
2204	2
2205	2
2206	2
2207	2
2208	2
2209	2
2210	1
2211	2
2212	2
2213	2
2214	2
2215	2
2216	2
2217	1
2218	2
2219	2
2220	2
2221	2
2222	2
2223	2
2224	2
2225	2
2226	2
2227	2
2228	2
2229	2
2230	2
2231	2
2232	2
2233	2
2234	5
2235	5
2236	2
2237	5
2238	2
2239	2
2240	2
2241	2
2242	2
2243	2
2244	2
2245	2
2246	2
2247	2
2248	2
2249	2
2250	2
2251	2
2252	2
2253	2
2254	2
2255	1
2256	2
2257	2
2258	2
2259	2
2260	5
2261	2
2262	2
2263	2
2264	2
2265	2
2266	2
2267	2
2268	2
2269	2
2270	2
2271	2
2272	2
2273	2
2274	2
2275	2
2276	2
2277	2
2278	2
2279	2
2280	1
2281	2
2282	2
2283	1
2284	1
2285	0
2286	2
2287	2
2288	0
2289	2
2290	2
2291	2
2292	2
2293	2
2294	2
2295	2
2296	2
2297	2
2298	2
2299	1
2300	2
2301	2
2302	2
2303	2
2304	2
2305	2
2306	1
2307	2
2308	2
2309	2
2310	2
2311	2
2312	2
2313	1
2314	1
2315	2
2316	2
2317	2
2318	2
2319	2
2320	2
2321	2
2322	1
2323	2
2324	1
2325	2
2326	2
2327	2
2328	2
2329	2
2330	2
2331	2
2332	2
2333	2
2334	2
2335	2
2336	2
2337	2
2338	1
2339	2
